0	9.6461101348e-05	0.00087723917197
0.00835	7.1126793061e-05	0.00054166850073
0.0167	4.0579511673e-05	0.00013168922274
0.02505	4.9385841193e-06	-0.00034506588311
0.0334	-3.4954170123e-05	-0.00085523778795
0.04175	-0.00011053506178	-0.0018366137658
0.0501	-0.00019532592296	-0.0029490652027
0.05845	-0.00027983447872	-0.0039883617556
0.0668	-0.00035743296333	-0.004755874414
0.07514999999999999	-0.00042618134593	-0.005223823914
0.0835	-0.00052541902613	-0.0055366309963
0.09185	-0.00072622864686	-0.0057399543427
0.1002	-0.0010369318295	-0.0058901609912
0.10855	-0.0013408329414	-0.0061912242546
0.1169	-0.0015764751798	-0.0067842813051
0.12525	-0.0017713714637	-0.0075080954883
0.1336	-0.0018702946942	-0.0082510005406
0.14195	-0.0017796662067	-0.0090788954959
0.1503	-0.0014975030001	-0.010143192903
0.15865	-0.0010993012748	-0.01143479282
0.167	-0.0006381960655	-0.012875924685
0.17535	-9.843349012900001e-05	-0.014533470233
0.1837	0.00053668822645	-0.016469520455
0.19205	0.0011601143525	-0.018524023243
0.2004	0.0017511366278	-0.020339335512
0.20875	0.002313447356	-0.021465831763
0.2171	0.0027681128316	-0.021637351672
0.22545	0.0030251938542	-0.020903127098
0.2338	0.0030799645133	-0.019229464659
0.24215	0.0029041028469	-0.016710283123
0.2505	0.0024669874111	-0.013715288173
0.25885	0.0017908918527	-0.010748832939
0.2672	0.00098451685872	-0.008050894247399999
0.27555	0.00012144673461	-0.0055880975773
0.2839	-0.00079954360087	-0.0032966082953
0.29225	-0.0017410001587	-0.0012071372943
0.3006	-0.0026549816039	0.00069431601966
0.30895	-0.0035846159686	0.0024249267413
0.3173	-0.004620266678	0.0039847462294
0.32565	-0.0056946616981	0.0054514863845
0.334	-0.0067289569455	0.0068754999006
0.34235	-0.007814935092499999	0.008204176555500001
0.3507	-0.009060456323399999	0.0092849597784
0.35905	-0.010420455635	0.010203199117
0.3674	-0.011883472626	0.011163747051
0.37575	-0.013539207927	0.012083524803
0.3841	-0.015439988528	0.012642432188
0.39245	-0.017359700114	0.012965659456
0.4008	-0.019014690088	0.013274839329
0.40915	-0.020285572054	0.013438595414
0.4175	-0.021137452389	0.013167566976
0.42585	-0.021477523041	0.012672298521
0.4342	-0.021394611264	0.012216050078
0.44255	-0.021173834038	0.011723325558
0.4509	-0.021042055202	0.011198223249
0.45925	-0.02106719735	0.01092029647
0.4676	-0.02132469744	0.010917348333
0.47595	-0.021812583226	0.011055545055
0.4843	-0.02236471505	0.011385351171
0.49265	-0.022800640692	0.012001492201
0.501	-0.023033949978	0.012858734079
0.50935	-0.023013427946	0.013906137302
0.5177	-0.022596570731	0.015380383726
0.52605	-0.021677778133	0.017396018172
0.5344	-0.020369851954	0.019862619071
0.54275	-0.018847065853	0.022819746957
0.5511	-0.017294917831	0.026171844749
0.55945	-0.016071044442	0.029486896661
0.5678	-0.015519699887	0.03247720557
0.5761500000000001	-0.015757942052	0.035040995209
0.5845	-0.016700879049	0.037014970972
0.59285	-0.018238651325	0.038283275068
0.6012	-0.020258133709	0.03900431659
0.60955	-0.022620463921	0.039553099672
0.6179	-0.0250973955	0.040056759341
0.62625	-0.027566095418	0.040476581132
0.6346000000000001	-0.030052128054	0.04090755081
0.64295	-0.032510675734	0.041392952381
0.6513	-0.034768400465	0.041722686855
0.65965	-0.036729297409	0.041705449506
0.668	-0.038296541883	0.041459836385
0.67635	-0.03939224486	0.041078218975
0.6847	-0.040020298646	0.040362627923
0.6930500000000001	-0.040069875604	0.039310448824
0.7014	-0.039529355921	0.038208914526
0.70975	-0.038484850965	0.03727311245
0.7181	-0.036971115061	0.036118443339
0.72645	-0.034968757983	0.034149486102
0.7348	-0.032423733608	0.03124298921
0.74315	-0.02936119566	0.027394954953
0.7514999999999999	-0.0259295081	0.0223647773
0.75985	-0.022162944415	0.016122310146
0.7682	-0.01813877415	0.0091646102487
0.77655	-0.014192880646	0.0019943096792
0.7849	-0.010530226533	-0.0054554311472
0.79325	-0.0071394881603	-0.013448666098
0.8016	-0.0039113993009	-0.021787890504
0.8099499999999999	-0.00088873807032	-0.030204300568
0.8183	0.0019052278634	-0.038631065251
0.82665	0.0045181007331	-0.047041425665
0.835	0.0071341887704	-0.055165426443
0.84335	0.009764221728999999	-0.062667054019
0.8517	0.012279421291	-0.069452867529
0.86005	0.014578498022	-0.07561131963999999
0.8683999999999999	0.016803059666	-0.081216836451
0.87675	0.019099921522	-0.08616824803799999
0.8851	0.021440138743	-0.09020719177
0.89345	0.023705754876	-0.09321246757
0.9018	0.026177954532	-0.09543143774100001
0.91015	0.029410905557	-0.097021674748
0.9185	0.033727936273	-0.09782831351
0.92685	0.039300447894	-0.097763606777
0.9352	0.0465913247	-0.09695290053699999
0.94355	0.056227321788	-0.09550792974699999
0.9519	0.06852896961799999	-0.09330529250400001
0.96025	0.08343555940900001	-0.090399402389
0.9686	0.10069473668	-0.087142119777
0.97695	0.12013172473	-0.083921988967
0.9853	0.14168384456	-0.08092007886700001
0.99365	0.16529903972	-0.078208014071
1.002	0.19101467635	-0.07565144344999999
1.01035	0.21886960375	-0.07289544614
1.0187	0.2488166266	-0.06940917542
1.02705	0.28063369903	-0.064783665849
1.0354	0.31367030003	-0.058647476099
1.04375	0.34694889306	-0.050690722472
1.0521	0.37952401397	-0.040879408944
1.06045	0.41054422527	-0.029248342142
1.0688	0.43934814002	-0.016044803418
1.07715	0.46527317234	-0.0022006285918
1.0855	0.48760930993	0.010823779491
1.09385	0.50586415676	0.021928981142
1.1022	0.51982970183	0.030626374988
1.11055	0.52954984748	0.03677828862
1.1189	0.53538491722	0.040462930442
1.12725	0.53802089265	0.042429619738
1.1356	0.53848576876	0.043819666917
1.14395	0.53793900817	0.045274579122
1.1523	0.53748671863	0.046622457948
1.16065	0.53812921362	0.047535569622
1.169	0.54056148238	0.047882054766
1.17735	0.5450657195600001	0.047794871066
1.1857	0.55154552535	0.047611207493
1.19405	0.5594643835300001	0.0474259963
1.2024	0.56804215467	0.046968893497
1.21075	0.57648679345	0.045925414366
1.2191	0.58423576401	0.044159486929
1.22745	0.59107192762	0.041580013253
1.2358	0.59704207804	0.038110199015
1.24415	0.60237035513	0.033888763719
1.2525	0.60737343135	0.029458151713
1.26085	0.61225789047	0.025288248751
1.2692	0.6170337452	0.021519658564
1.27755	0.62146000408	0.018148344564
1.2859	0.62516637437	0.015105254728
1.29425	0.62785056745	0.012243047874
1.3026	0.62927746601	0.009371959891699999
1.31095	0.62920722784	0.0062346134706
1.3193	0.62747801791	0.002643219821
1.32765	0.62413236082	-0.0015666602185
1.336	0.61949760199	-0.006439088007
1.34435	0.61396389024	-0.011733906724
1.3527	0.60779515892	-0.017124759207
1.36105	0.60122616467	-0.02254946244
1.3694	0.59468224776	-0.028039126469
1.37775	0.5885330924	-0.03354162979
1.3861	0.58295071986	-0.039017736152
1.39445	0.57808754169	-0.044666526108
1.4028	0.57422693237	-0.050663792278
1.41115	0.57164923229	-0.056807520368
1.4195	0.57057254993	-0.062691136092
1.42785	0.57108468526	-0.068193206619
1.4362	0.57302004156	-0.07324056510599999
1.44455	0.57592940036	-0.07759743278099999
1.4529	0.57931160127	-0.081029578876
1.46125	0.58277293817	-0.083518780253
1.4696	0.5858985878	-0.08514590658600001
1.47795	0.58842602249	-0.08591686779799999
1.4863	0.5903889356200001	-0.085649679339
1.49465	0.59190299073	-0.084247198244
1.503	0.59287395423	-0.081826871111
1.51135	0.59323020857	-0.078582238401
1.5197	0.59290862987	-0.074878764305
1.52805	0.59156831117	-0.071320641936
1.5364	0.58862579073	-0.068597985305
1.54475	0.58380109233	-0.067043685031
1.5531	0.57719038055	-0.066521755561
1.56145	0.56907572037	-0.066604485006
1.5698	0.5598373485	-0.066792078393
1.57815	0.55008156976	-0.066567147553
1.5865	0.54055392356	-0.065753438158
1.59485	0.53194306089	-0.064428004326
1.6032	0.52477321223	-0.062707194058
1.61155	0.51933846039	-0.060735803761
1.6199	0.51573893064	-0.05884796271
1.62825	0.51411039539	-0.057287398098
1.6366	0.51464137473	-0.056041546218
1.64495	0.51739356129	-0.055036755959
1.6533	0.5222692316100001	-0.054412513888
1.66165	0.52914203443	-0.054223034124
1.67	0.53793173701	-0.05424637472
1.67835	0.54839468565	-0.054313456427
1.6867	0.55995524015	-0.054645976217
1.69505	0.57181093151	-0.055245738007
1.7034	0.58317614359	-0.055678908126
1.71175	0.59347144083	-0.055419501199
1.7201	0.60225750881	-0.054303256542
1.72845	0.60932888583	-0.052347379543
1.7368	0.61489551505	-0.049377048184
1.74515	0.61952369265	-0.045211059679
1.7535	0.62374960443	-0.040335893982
1.76185	0.62782190186	-0.035417222958
1.7702	0.63174854046	-0.030699357736
1.77855	0.63548544955	-0.026047163785
1.7869	0.63880154861	-0.021451666089
1.79525	0.64130981555	-0.017133484294
1.8036	0.64266743389	-0.013083916838
1.81195	0.64266081115	-0.008993881875499999
1.8203	0.64113112799	-0.0045248600324
1.82865	0.63801614167	0.00045232380912
1.837	0.63351253662	0.0057721330498
1.84535	0.6280454479599999	0.011157498865
1.8537	0.62196182295	0.016515128293
1.86205	0.61548034669	0.021799011874
1.8704	0.60889822873	0.026956702475
1.87875	0.60261785752	0.03190052072
1.8871	0.596812521	0.036810944761
1.89545	0.5914580190099999	0.042024209307
1.9038	0.5866586525800001	0.047599378322
1.91215	0.58258349908	0.05334931515
1.9205	0.57933832937	0.058936520735
1.92885	0.57702744812	0.06403722625200001
1.9372	0.5758684128	0.06857498374
1.94555	0.57627708692	0.072356710541
1.9539	0.57836755082	0.075022520769
1.96225	0.58175723442	0.076271462066
1.9706	0.58567799848	0.076063164768
1.97895	0.58931411324	0.07463451886399999
1.9873	0.592119923	0.072195276345
1.99565	0.59384788974	0.06916884999800001
2.004	0.59439748659	0.066304838366
2.01235	0.59409319928	0.064079037805
2.0207	0.59337828872	0.062617223579
2.02905	0.59233027098	0.061970412423
2.0374	0.59046004044	0.061922942901
2.04575	0.58715224658	0.062037522957
2.0541	0.58215250632	0.061854040622
2.06245	0.5755898176499999	0.061168745992
2.0708	0.56781762315	0.059956536375
2.07915	0.5593631994	0.058359099459
2.0875	0.5507878239	0.056742515861
2.09585	0.54263473545	0.055412924829
2.1042	0.53532355825	0.054274920034
2.11255	0.52910616463	0.053135427842
2.1209	0.5242005105200001	0.05205356727
2.12925	0.52090560126	0.051136532406
2.1376	0.51956119337	0.050244231187
2.14595	0.52043164749	0.049283997963
2.1543	0.5236172388	0.048452889866
2.16265	0.52919675788	0.04792754407
2.171	0.53720346194	0.047605492177
2.17935	0.5474073565799999	0.047344976302
2.1877	0.55927568059	0.047248990506
2.19605	0.5720036833	0.04747489578
2.2044	0.58463036639	0.047694741199
2.21275	0.59628302061	0.047371086915
2.2211	0.60629260144	0.046266554262
2.22945	0.61431561064	0.04428528079
2.2378	0.62042191003	0.041186368258
2.24615	0.62501822191	0.036880586575
2.2545	0.6285924886100001	0.031837319627
2.26285	0.63149737926	0.026851370909
2.2712	0.63387620325	0.022295412125
2.27955	0.63577807796	0.018064943705
2.2879	0.6371410749800001	0.01407243693
2.29625	0.63775094024	0.010390062548
2.3046	0.63736958953	0.0069889391833
2.31295	0.63582508354	0.0035826758474
2.3213	0.63299709803	-0.00018957242422
2.32965	0.62886199042	-0.0044262037627
2.338	0.62360897308	-0.0090228360644
2.34635	0.61753948766	-0.013885800606
2.3547	0.61091298559	-0.01896315333
2.36305	0.60396500551	-0.024252726334
2.3714	0.59709079127	-0.029716010328
2.37975	0.59065770637	-0.035203566632
2.3881	0.5848174846700001	-0.040664583501
2.39645	0.57970207778	-0.046218654066
2.4048	0.5756195898000001	-0.051981758678
2.41315	0.57285622355	-0.057869145297
2.4215	0.57157306503	-0.06356238290000001
2.42985	0.57181594507	-0.068951872843
2.4382	0.57339280045	-0.074178288001
2.44655	0.57585420794	-0.079004763278
2.4549	0.5788547120500001	-0.082950260722
2.46325	0.58225054547	-0.085719839203
2.4716	0.5857685688399999	-0.087088624182
2.47995	0.58880896731	-0.086819136698
2.4883	0.59093800569	-0.084905056524
2.49665	0.5922602152799999	-0.08169627196199999
2.505	0.59298715204	-0.077946279253
2.51335	0.59304020129	-0.074393738308
2.5217	0.59222034494	-0.071616865847
2.53005	0.59039987494	-0.069961553328
2.5384	0.58750813555	-0.06934293880799999
2.54675	0.58330709854	-0.06938721703799999
2.5551	0.57746212464	-0.069765872577
2.56345	0.5699522299400001	-0.07001468471900001
2.5718	0.56127375835	-0.069673837315
2.58015	0.5521768166	-0.06866475857400001
2.5885	0.54333854797	-0.067279225234
2.59685	0.53532195188	-0.065741735831
2.6052	0.52857600897	-0.06404729551299999
2.61355	0.52339749998	-0.062192380123
2.6219	0.51994440187	-0.060479135791
2.63025	0.51836031656	-0.059132876092
2.6386	0.51878307363	-0.058095957476
2.64695	0.52127528776	-0.057254627917
2.6553	0.5258019043	-0.056689011833
2.66365	0.53235928322	-0.056414470944
2.672	0.54087294596	-0.056274575493
2.68035	0.55107629761	-0.056144166477
2.6887	0.56245294389	-0.056219626887
2.69705	0.57429975365	-0.056538299893
2.7054	0.5858230095	-0.056685200394
2.71375	0.59629487996	-0.056176319406
2.7221	0.60518221147	-0.054837495833
2.73045	0.61228033752	-0.052610614419
2.7388	0.61776010111	-0.049312628659
2.74715	0.6220481678200001	-0.044941980247
2.7555	0.62559645983	-0.040046822118
2.76385	0.62872862276	-0.035294693858
2.7722	0.6315891633	-0.030886034572
2.78055	0.63416956624	-0.026689651203
2.7889	0.63630201716	-0.022680340273
2.79725	0.6377150740999999	-0.01895474854
2.8056	0.63814318204	-0.015431601577
2.81395	0.63734686956	-0.011747714495
2.8223	0.63510641386	-0.0075575568738
2.83065	0.6313553656999999	-0.0028319694042
2.839	0.62633330706	0.0022145400292
2.84735	0.62038449167	0.0074635441008
2.8557	0.61378315774	0.012855993627
2.86405	0.60681340333	0.018320874032
2.8724	0.59994719322	0.023745090291
2.88075	0.59356368231	0.029088541804
2.8891	0.58778330163	0.034480319224
2.89745	0.58268888825	0.040082383105
2.9058	0.57845449102	0.045983573901
2.91415	0.5751398761299999	0.052052638808
2.9225	0.57275919142	0.05781225389
2.93085	0.57131716492	0.062972087252
2.9392	0.57099492087	0.067515477326
2.94755	0.57200801826	0.071293255037
2.9559	0.5743792854300001	0.07405654023
2.96425	0.57795970446	0.075625143245
2.9726	0.5823546094399999	0.0759937542
2.98095	0.58680906637	0.075204005799
2.9893	0.59055823987	0.073256732184
2.99765	0.59312026012	0.070310082235
3.006	0.59444521518	0.066849193233
3.01435	0.59475974131	0.06348839720799999
3.0227	0.59413576294	0.060897922364
3.03105	0.59249448839	0.059414097521
3.0394	0.5897012626	0.058988858163
3.04775	0.5855209823900001	0.059345215318
3.0561	0.57968353296	0.060131184267
3.06445	0.57217758802	0.060731379259
3.0728	0.56344025064	0.06062966887
3.08115	0.55420171803	0.059791595406
3.0895	0.54518148644	0.058540515582
3.09785	0.53698369167	0.057054319887
3.1062	0.53000778798	0.055338953423
3.11455	0.52450407805	0.053490386561
3.1229	0.52065593024	0.051828375011
3.13125	0.51864816269	0.050471540504
3.1396	0.51863351723	0.049286156869
3.14795	0.52069854332	0.048217980134
3.1563	0.52487553744	0.047422374666
3.16465	0.53124143982	0.046909216937
3.173	0.53976346246	0.046469253041
3.18135	0.55017598624	0.046005618819
3.1897	0.56194462405	0.045773812108
3.19805	0.57432156762	0.045848950469
3.2064	0.58643623584	0.045890669731
3.21475	0.59753096896	0.045552821711
3.2231	0.6070181610499999	0.044683908491
3.23145	0.61456637728	0.043062744209
3.2398	0.6202331972	0.040386558644
3.24815	0.62441414749	0.036632480752
3.2565	0.6275783847500001	0.032194708268
3.26485	0.6300199675	0.027620249006
3.2732	0.63184692256	0.02321980675
3.28155	0.63314348798	0.019069698244
3.2899	0.63391803285	0.015155429717
3.29825	0.63398565064	0.011431706873
3.3066	0.63307682379	0.007839523224
3.31495	0.63099605552	0.0041864444041
3.3233	0.62767498242	0.00013786693823
3.33165	0.62321747534	-0.0043575266376
3.34	0.61790738681	-0.0090772211744
3.34835	0.61202251746	-0.013839369454
3.3567	0.60577267228	-0.018639893785
3.36505	0.59937261217	-0.023643897923
3.3734	0.5931637723199999	-0.02885148763
3.38175	0.58738121719	-0.034081170399
3.3901	0.58204692145	-0.039394322107
3.39845	0.57728907912	-0.045024527264
3.4068	0.57350327883	-0.050954647233
3.41515	0.57101064082	-0.056913240815
3.4235	0.5700021562100001	-0.062608250933
3.43185	0.57056719635	-0.068050659675
3.4402	0.5725928407699999	-0.07317933092499999
3.44855	0.57571822678	-0.077705160227
3.4569	0.57953422404	-0.081339614416
3.46525	0.58360074053	-0.08386760909300001
3.4736	0.58730673353	-0.08493432363800001
3.48195	0.59000296169	-0.084438841389
3.4903	0.59153385512	-0.082651181938
3.49865	0.59219454358	-0.080097803978
3.507	0.59225670622	-0.077304912768
3.51535	0.59183399952	-0.07472979356499999
3.5237	0.5909592366	-0.072807488081
3.53205	0.58944869141	-0.07174229047400001
3.5404	0.58687136076	-0.07125735807
3.54875	0.58275894331	-0.070902415459
3.5571	0.57690363325	-0.07036780456900001
3.56545	0.56944098674	-0.069437210308
3.5738	0.56084424966	-0.06804718219899999
3.58215	0.55176536728	-0.066342511331
3.5905	0.54289755177	-0.064638853831
3.59885	0.53484122317	-0.063070802073
3.6072	0.52801287926	-0.061521169489
3.61555	0.52266710506	-0.060007214401
3.6239	0.51901951304	-0.0587722456
3.63225	0.51731402332	-0.05777574893
3.6406	0.51771602754	-0.056800531592
3.64895	0.5202234233900001	-0.055875266618
3.6573	0.52481338887	-0.055275800286
3.66565	0.53153155392	-0.055024989881
3.674	0.5403308227	-0.054876312917
3.68235	0.55094549733	-0.05469273208
3.6907	0.5628726510199999	-0.054655275449
3.69905	0.57542866933	-0.054899349121
3.7074	0.58771596625	-0.05507438694
3.71575	0.5988643142	-0.054663372929
3.7241	0.60823794798	-0.053460827195
3.73245	0.61555910019	-0.051453993462
3.7408	0.62093109891	-0.048482557237
3.74915	0.62474179521	-0.04447081168
3.7575	0.62749270812	-0.039784117246
3.76585	0.6296253295899999	-0.035160490097
3.7742	0.63137131571	-0.030941761293
3.78255	0.63281206617	-0.02700663675
3.7909	0.63387692781	-0.02330225495
3.79925	0.6343312743	-0.019928818898
3.8076	0.63389281383	-0.016825216478
3.81595	0.63229085687	-0.01360376085
3.8243	0.62930865053	-0.0099250308242
3.83265	0.62488982575	-0.0057192659033
3.841	0.61924492689	-0.0010495114127
3.84935	0.6126725951600001	0.0039865988311
3.8577	0.60547281598	0.0092521634206
3.86605	0.5980276410000001	0.014684412022
3.8744	0.59084473403	0.020188565846
3.88275	0.58426087276	0.025646305706
3.8911	0.57841905398	0.031003486821
3.89945	0.57347921882	0.036471096841
3.9078	0.5696200393	0.042371576277
3.91615	0.56687149925	0.048531374055
3.9245	0.56520082201	0.054376809486
3.93285	0.56459841824	0.05971435184
3.9412	0.56525856405	0.064523480694
3.94955	0.56731183807	0.068590793685
3.9579	0.57064974505	0.071535861472
3.96625	0.57502101547	0.073281585026
3.9746	0.58002496631	0.07401812285999999
3.98295	0.58509036211	0.07370748080099999
3.9913	0.58949059403	0.07219016572
3.99965	0.5925795328	0.06962412700999999
4.008	0.5942757722000001	0.066356628583
4.01635	0.59483866394	0.062986199871
4.0247	0.59425943812	0.060186699435
4.03305	0.5923044346	0.058443600342
4.0414	0.58883758425	0.057905741317
4.04975	0.5838870599	0.058353735085
4.0581	0.5774121407	0.059351715528
4.06645	0.56946505523	0.060236852646
4.0748	0.5605351240100001	0.060360979915
4.08315	0.55137206471	0.059649249319
4.0915	0.5426788951	0.058401913819
4.09985	0.53497977859	0.056816056054
4.1082	0.52862449264	0.054955566335
4.11655	0.52382522659	0.053054135524
4.1249	0.52072229366	0.051469991139
4.13325	0.5194612623	0.050203738457
4.1416	0.52015093751	0.049059670731
4.14995	0.52282014653	0.048043910534
4.1583	0.52749064604	0.047325336305
4.16665	0.53421954749	0.046840634045
4.175	0.54295377487	0.046348443469
4.18335	0.5534214556	0.045787226593
4.1917	0.56511455626	0.045442674644
4.20005	0.57733037482	0.045411745887
4.2084	0.58921135854	0.045398481085
4.21675	0.60001101886	0.045031303826
4.2251	0.60921781845	0.044042504623
4.23345	0.61661149474	0.042118824253
4.2418	0.6222753518	0.039018203416
4.25015	0.62654069626	0.034854770022
4.2585	0.62982280765	0.030133744199
4.26685	0.63241378401	0.025434715722
4.2752	0.6344051456399999	0.021082227232
4.28355	0.63584036802	0.017097133035
4.2919	0.63671456517	0.013378744207
4.30025	0.6369096728	0.0097620757033
4.3086	0.63624402816	0.0060918282203
4.31695	0.63454393673	0.0021333131163
4.3253	0.63168325021	-0.0023592101121
4.33365	0.6276717734	-0.0073388819528
4.342	0.62274496478	-0.012453455813
4.35035	0.61719549697	-0.017536184317
4.3587	0.6112396409800001	-0.022690256785
4.36705	0.60507430957	-0.028063175199
4.3754	0.59906472933	-0.033516165591
4.38375	0.59349774286	-0.038894776938
4.3921	0.58842498365	-0.044351185644
4.40045	0.5839568773	-0.050083193304
4.4088	0.5804283595800001	-0.056015268588
4.41715	0.5781308519	-0.061861886865
4.4255	0.57723075886	-0.067353764324
4.43385	0.57769176538	-0.07255223129500001
4.4422	0.57920523967	-0.07746407121899999
4.45055	0.58140621128	-0.081753231149
4.4589	0.58406827146	-0.08493642645500001
4.46725	0.58697749283	-0.08669447167700001
4.4756	0.58962147216	-0.086872721831
4.48395	0.59143892536	-0.08550425235
4.4923	0.59242791544	-0.082821861936
4.50065	0.59294134483	-0.079420781908
4.509	0.59303244789	-0.07608768855799999
4.51735	0.5925599504	-0.07339913184000001
4.5257	0.59143638858	-0.071612204602
4.53405	0.58951825144	-0.070742935338
4.5424	0.58643675772	-0.070484646905
4.55075	0.58175983172	-0.07041186948600001
4.5591	0.5753341391	-0.07022054209799999
4.56745	0.56740265842	-0.06965658521199999
4.5758	0.55853271124	-0.068649278784
4.58415	0.54943577643	-0.06731211636999999
4.5925	0.5407777691	-0.065842050042
4.60085	0.53310423362	-0.06434284687400001
4.6092	0.52678351092	-0.062752575713
4.61755	0.52205673949	-0.061086766493
4.6259	0.51910521318	-0.059594801279
4.63425	0.51809881154	-0.058389973532
4.6426	0.51917665925	-0.057450361895
4.65095	0.52238837872	-0.056781114969
4.6593	0.52774093257	-0.056430669229
4.66765	0.53525657439	-0.056329712894
4.676	0.54480610695	-0.056301875811
4.68435	0.55600302838	-0.056285182695
4.6927	0.56819943657	-0.056416228589
4.70105	0.58056222956	-0.056471121153
4.7094	0.59230735218	-0.055967913232
4.71775	0.60282021301	-0.054625962065
4.7261	0.61172873731	-0.052430765643
4.73445	0.61896879261	-0.049302649058
4.7428	0.62477378716	-0.045169004461
4.75115	0.62951376095	-0.040346325307
4.7595	0.63354406678	-0.035494932353
4.76785	0.63703063162	-0.030950140041
4.7762	0.6400074932299999	-0.026623307472
4.78455	0.64241313881	-0.022424426845
4.7929	0.64405637508	-0.018453793575
4.80125	0.64471518766	-0.014724820132
4.8096	0.64423285011	-0.011106511377
4.81795	0.64246835295	-0.0073500566672
4.8263	0.63929054072	-0.0032578395734
4.83465	0.63469203961	0.0012650382044
4.843	0.62893081404	0.0061726023547
4.85135	0.62234670346	0.011372316416
4.8597	0.61517169911	0.016744382473
4.86805	0.60767250719	0.022242640879
4.8764	0.60030908927	0.027781397858
4.88475	0.59345491082	0.033298921897
4.8931	0.58730931749	0.038842248116
4.90145	0.5820135093	0.04457733566
4.9098	0.57767165609	0.050623837559
4.91815	0.57432534684	0.056681414464
4.9265	0.57198544501	0.062262946318
4.93485	0.5707238451	0.06721007401699999
4.9432	0.57079304003	0.071448740028
4.95155	0.5723245045699999	0.07472127572499999
4.9599	0.57522805655	0.076802677638
4.96825	0.57928093103	0.077611174753
4.9766	0.5839498413200001	0.077198529902
4.98495	0.58839791464	0.075562359131
4.9933	0.5918529455	0.072745069984
5.00165	0.59392541909	0.06915565878799999
5.01	0.59475183147	0.065382713115
5.01835	0.59454225749	0.062046665772
5.0267	0.59325590985	0.059742696366
5.03505	0.59082735792	0.058685610231
5.0434	0.5871800512300001	0.058731196365
5.05175	0.5821028422	0.059529497463
5.0601	0.57540168886	0.060523540278
5.06845	0.56725411988	0.061036192397
5.0768	0.55828359553	0.060712205392
5.08515	0.5492312242	0.059723617305
5.0935	0.54072643673	0.058392866071
5.10185	0.53325986262	0.056811075555
5.1102	0.5271757647400001	0.055002854943
5.11855	0.52266734492	0.053200934225
5.1269	0.51986697564	0.051705623078
5.13525	0.5189301321699999	0.050476043039
5.1436	0.51999427748	0.049346088864
5.15195	0.52310205306	0.048392181478
5.1603	0.5282984259	0.047749294811
5.16865	0.53561780764	0.047303971937
5.177	0.54494932739	0.046824715605
5.18535	0.55592911845	0.046333119636
5.1937	0.5679493919700001	0.046166971945
5.20205	0.58022359847	0.046240394007
5.2104	0.59194532022	0.046089748438
5.21875	0.60245343357	0.04533531544
5.2271	0.61132747032	0.043825510365
5.23545	0.61843749885	0.041375385757
5.2438	0.62397644787	0.037814150402
5.25215	0.62831366014	0.033328368563
5.2605	0.63180365761	0.02855133834
5.26885	0.63461398827	0.023981058512
5.2772	0.63680497072	0.019724797564
5.28555	0.63841261864	0.015652429264
5.2939	0.63938248266	0.01168550367
5.30225	0.63954048296	0.0077860319852
5.3106	0.63871166548	0.0038338466448
5.31895	0.63676146183	-0.00043177094524
5.3273	0.63360684539	-0.0052071511322
5.33565	0.629324556	-0.010341790388
5.344	0.62420852232	-0.015499228387
5.35235	0.6185579973500001	-0.020628580062
5.3607	0.61256600295	-0.025854094511
5.36905	0.60644235482	-0.031230148244
5.3774	0.60055307993	-0.036576777764
5.38575	0.5951118668099999	-0.041885276003
5.3941	0.59013962403	-0.047373518356
5.40245	0.58581375916	-0.053105119622
5.4108	0.58248257371	-0.058928704957
5.41915	0.58039231466	-0.064585717146
5.4275	0.57967265076	-0.06985655286299999
5.43585	0.58024443573	-0.074763938546
5.4442	0.58182997793	-0.079264145491
5.45255	0.58414896657	-0.083069238415
5.4609	0.58684545536	-0.08578288669
5.46925	0.58948703817	-0.087003399626
5.4776	0.59150293635	-0.086622882915
5.48595	0.59258135286	-0.084793292072
5.4943	0.59290164045	-0.081878433685
5.50265	0.59277413816	-0.07851247833
5.511	0.59226183682	-0.075352827515
5.51935	0.5914399017400001	-0.07285636619999999
5.5277	0.59022074115	-0.071322555261
5.53605	0.5882350937900001	-0.070670189444
5.5444	0.5849401194	-0.070452614602
5.55275	0.57997021346	-0.07025246465399999
5.5611	0.57330389073	-0.069851565032
5.56945	0.56526705945	-0.069111962673
5.5778	0.5564433159	-0.067978654394
5.58615	0.5475132853	-0.066568672998
5.5945	0.53911830229	-0.065096729152
5.60285	0.53176116775	-0.063625750317
5.6112	0.5257735153999999	-0.062060073577
5.61955	0.52138545556	-0.060455094388
5.6279	0.5188008815	-0.059047704106
5.63625	0.51820477075	-0.05791652222
5.6446	0.5197440304099999	-0.057039324389
5.65295	0.52345697102	-0.056445669598
5.6613	0.52936034277	-0.056172323976
5.66965	0.53744614011	-0.056129603117
5.678	0.54751876589	-0.056190516381
5.68635	0.5590829053	-0.056365759339
5.6947	0.57133810508	-0.056639780052
5.70305	0.58337017368	-0.056701741855
5.7114	0.59440738677	-0.056149284585
5.71975	0.60394091024	-0.054739851679
5.7281	0.61174910839	-0.052373727931
5.73645	0.61795662349	-0.048944213081
5.7448	0.62295471382	-0.044551001712
5.75315	0.6271906626	-0.039693009093
5.7615	0.63095419176	-0.034954117933
5.76985	0.63433577424	-0.030559994203
5.7782	0.63727821959	-0.026436417221
5.78655	0.63963417317	-0.02250126127
5.7949	0.6411595051	-0.018776269527
5.80325	0.64164107778	-0.015235831236
5.8116	0.64093296992	-0.011723598337
5.81995	0.63889127345	-0.008011205644199999
5.8283	0.63539130382	-0.0039428951411
5.83665	0.63047901442	0.0006058476998099999
5.845	0.62446764086	0.0056409460675
5.85335	0.61770023472	0.010995380614
5.8617	0.61041681947	0.016537184584
5.87005	0.60294545622	0.022232684248
5.8784	0.5957431091199999	0.027993202827
5.88675	0.58915690374	0.033662901834
5.8951	0.58339715792	0.039200056272
5.90345	0.57856980317	0.044876386479
5.9118	0.57475342201	0.050937234679
5.92015	0.5719866205	0.057017667988
5.9285	0.57025128101	0.06261539200299999
5.93685	0.56962006412	0.067628873007
5.9452	0.57030059814	0.071968791184
5.95355	0.57235768404	0.075308242998
5.9619	0.57571790039	0.077324848911
5.97025	0.58012659192	0.077916842562
5.9786	0.58492509227	0.077200878527
5.98695	0.5892366123	0.075242707416
5.9953	0.59239455056	0.07214983485199999
6.00365	0.5941781659499999	0.068438520103
6.012	0.5947566279199999	0.064763084983
6.02035	0.59423690676	0.061755563904
6.0287	0.5925840664200001	0.059865018877
6.03705	0.58981307771	0.05918536398
6.0454	0.58580831641	0.059510994033
6.05375	0.58028656133	0.060454626226
6.0621	0.57312660432	0.061356542738
6.07045	0.56466190023	0.061585721078
6.0788	0.5555861702	0.06098217915
6.08715	0.54662342463	0.059836731745
6.0955	0.53837339708	0.058396128844
6.10385	0.53127872384	0.056705135901
6.1122	0.52563696328	0.054844727965
6.12055	0.52162109822	0.05311954657
6.1289	0.51938068277	0.051736326073
6.13725	0.51907272006	0.050569102277
6.1456	0.52078436169	0.049467181996
6.15395	0.52450914633	0.048541523457
6.1623	0.53027578356	0.047896665377
6.17065	0.53807745447	0.047412552325
6.179	0.54774675859	0.046896167413
6.18735	0.55887532682	0.046441052321
6.1957	0.5708561626100001	0.046383027596
6.20405	0.58290666678	0.04661737571
6.2124	0.59421703711	0.046680283317
6.22075	0.6041297584600001	0.046163239558
6.2291	0.61223663433	0.044829154017
6.23745	0.61845479731	0.042459041278
6.2458	0.62304529413	0.038902884521
6.25415	0.62645966918	0.034367378144
6.2625	0.62912445199	0.029510058656
6.27085	0.6312504951	0.02486119155
6.2792	0.63292056149	0.0205829529
6.28755	0.63417084224	0.01660727313
6.2959	0.6348813987900001	0.012832452315
6.30425	0.63476284961	0.0091411824834
6.3126	0.63354875114	0.0053268614117
6.32095	0.63106899534	0.0010382205948
6.3293	0.62732395142	-0.003836682746
6.33765	0.6225507674	-0.0090028662727
6.346	0.6170697147200001	-0.014145461189
6.35435	0.61114195728	-0.01924713139
6.3627	0.60499832516	-0.024415367757
6.37105	0.59896186707	-0.029671755566
6.3794	0.59335485795	-0.034862389313
6.38775	0.58824479226	-0.040088488476
6.3961	0.58364289932	-0.045617231982
6.40445	0.57986994909	-0.051441392417
6.4128	0.57727124684	-0.057340099556
6.42115	0.57599781381	-0.063014826424
6.4295	0.57607330878	-0.06836433273
6.43785	0.57732584666	-0.07347042650799999
6.4462	0.57939380864	-0.07812586715
6.45455	0.58200414879	-0.08188531432899999
6.4629	0.5849833124	-0.084381047931
6.47125	0.5879686065800001	-0.085364917336
6.4796	0.59035446022	-0.08477253102100001
6.48795	0.59183606123	-0.082727910419
6.4963	0.59264850549	-0.07965736977600001
6.50465	0.59301367188	-0.076298731856
6.513	0.59283804585	-0.073305282853
6.52135	0.59203668794	-0.071086584072
6.5297	0.59056190609	-0.06983757991
6.53805	0.58815800887	-0.069411223829
6.5464	0.58437284957	-0.06939012006299999
6.55475	0.57887635069	-0.06941424913200001
6.5631	0.57169329408	-0.069229457313
6.57145	0.56324505565	-0.06864099165900001
6.5798	0.55422309482	-0.06756656775600001
6.58815	0.54532210607	-0.066163303614
6.5965	0.53713861063	-0.064663166183
6.60485	0.5301205609	-0.063096657923
6.6132	0.52457914691	-0.061390475242
6.62155	0.52071262264	-0.059699060211
6.6299	0.51868298806	-0.05827704766
6.63825	0.51863240381	-0.057185800872
6.6466	0.52068899665	-0.05636367932
6.65495	0.5248843090200001	-0.055822718702
6.6633	0.5312476379	-0.05557716571
6.67165	0.53973260649	-0.055501118682
6.68	0.55008571722	-0.05549170417
6.68835	0.5617611300100001	-0.055669998975
6.6967	0.57393415441	-0.055949399264
6.70505	0.58571187063	-0.055932830129
6.7134	0.59632730171	-0.055298956484
6.72175	0.60524897639	-0.054002003432
6.7301	0.6122955114500001	-0.051926927187
6.73845	0.6176994881	-0.048778414381
6.7468	0.62193889774	-0.044541807933
6.75515	0.62547643291	-0.039815585713
6.7635	0.62857975824	-0.035183235706
6.77185	0.63135713611	-0.030773224732
6.7802	0.63377318395	-0.026524402137
6.78855	0.63562748066	-0.022553626677
6.7969	0.63663747486	-0.019023032735
6.80525	0.63659641162	-0.015864495289
6.8136	0.63535823523	-0.012683089326
6.82195	0.63278158508	-0.009077763452100001
6.8303	0.62878341507	-0.0048723249692
6.83865	0.62350859587	-8.3929747041e-05
6.847	0.61729260382	0.0051689387776
6.85535	0.61043297143	0.010745646048
6.8637	0.60318967917	0.016598511938
6.87205	0.5960147547	0.022560910789
6.8804	0.58935294403	0.028362610295
6.88875	0.58345208086	0.033961784604
6.8971	0.57848893582	0.03959683144
6.90545	0.57465617221	0.045501658775
6.9138	0.57203385719	0.051731078674
6.92215	0.57052723044	0.058002114393
6.9305	0.57001057533	0.064008334495
6.93885	0.57051132467	0.069527088066
6.9472	0.57214238818	0.07416676261000001
6.95555	0.57484799414	0.07758278854099999
6.9639	0.57850224498	0.07957963860599999
6.97225	0.58283670518	0.080012678945
6.9806	0.58721599989	0.07897275182999999
6.98895	0.590870409	0.07670927438
6.9973	0.59334111231	0.073470664548
7.00565	0.59456371784	0.069753288186
7.014	0.59472829155	0.066155359096
7.02235	0.59388968354	0.063329586833
7.0307	0.5919912366	0.061655137141
7.03905	0.58898230766	0.061139418664
7.0474	0.58466814986	0.06151264107
7.05575	0.57875926242	0.062389920028
7.0641	0.5712314684599999	0.063104589433
7.07245	0.5625367935	0.063085922953
7.0808	0.5534133838700001	0.06228077527
7.08915	0.54456313109	0.061030754064
7.0975	0.53656612938	0.059528972523
7.10585	0.5298125420499999	0.057783355633
7.1142	0.52454304712	0.0558965264
7.12255	0.52091069702	0.054212277799
7.1309	0.51907131171	0.052883265838
7.13925	0.51917552417	0.051783069535
7.1476	0.52131244425	0.050838067414
7.15595	0.52550787311	0.050175182956
7.1643	0.53182999554	0.049777676268
7.17265	0.54025265656	0.049444464679
7.181	0.55054424413	0.049062569268
7.18935	0.5622261342	0.048894495958
7.1977	0.5746028774	0.04922234067
7.20605	0.58676297533	0.049782578231
7.2144	0.59785461296	0.04993853199
7.22275	0.60728137636	0.049184127837
7.2311	0.61478056316	0.047289236324
7.23945	0.62045581359	0.04408496348
7.2478	0.62471714574	0.039546364236
7.25615	0.6280838499	0.034128675814
7.2645	0.63097599591	0.028714983959
7.27285	0.63354416875	0.023874892794
7.2812	0.63577312918	0.019576626999
7.28955	0.6375429674999999	0.015595948439
7.2979	0.63860990493	0.011831084196
7.30625	0.63872101633	0.0081661841275
7.3146	0.63767908631	0.0043046301679
7.32295	0.63532237772	-8.2748173235e-05
7.3313	0.63161700075	-0.0049969645519
7.33965	0.62678625761	-0.010123614487
7.348	0.6211647275	-0.015290966159
7.35635	0.61501380495	-0.020537664435
7.3647	0.60854816357	-0.025919386661
7.37305	0.60214481843	-0.031354446938
7.3814	0.59616679187	-0.036722284316
7.38975	0.59073398301	-0.042166733724
7.3981	0.58593912388	-0.047855572132
7.40645	0.5820802386	-0.053723707706
7.4148	0.57945139887	-0.059595388676
7.42315	0.57822982678	-0.06518920912499999
7.4315	0.57843236177	-0.07036943845800001
7.43985	0.5798028281399999	-0.075179657353
7.4482	0.58196577714	-0.079474357572
7.45655	0.58467179391	-0.082844769818
7.4649	0.58766324271	-0.08484895613100001
7.47325	0.59041251693	-0.08519592416500001
7.4816	0.59229815192	-0.083940498445
7.48995	0.59321188394	-0.08132562475299999
7.4983	0.59349910411	-0.077831403277
7.50665	0.59333144431	-0.074246632938
7.515	0.5926584486399999	-0.071265789572
7.52335	0.59147343423	-0.06926366027
7.5317	0.58968097348	-0.068347667202
7.54005	0.5869329867	-0.06823241426
7.5484	0.58274289817	-0.06843049513299999
7.55675	0.57681645096	-0.06860076972
7.5651	0.56926305592	-0.06848430330999999
7.57345	0.5606174094800001	-0.067906106464
7.5818	0.55161405539	-0.06680151121
7.59015	0.54290733888	-0.065379237311
7.5985	0.5350417294399999	-0.063880821947
7.60685	0.52843609721	-0.062289231435
7.6152	0.5233849914099999	-0.060519131088
7.62355	0.52005524007	-0.058803916347
7.6319	0.51856902315	-0.05742852069
7.64025	0.51907518666	-0.056424136042
7.6486	0.52169979771	-0.055683169325
7.65695	0.52647887843	-0.055222535852
7.6653	0.53344428644	-0.055042184588
7.67365	0.54250324578	-0.055008954766
7.682	0.55331297252	-0.055047408269
7.69035	0.5652292464300001	-0.055237943811
7.6987	0.57736345407	-0.055412900624
7.70705	0.58883486186	-0.055169478964
7.7154	0.59892632398	-0.05428248075
7.72375	0.60719416526	-0.052748117233
7.7321	0.6136046895	-0.050381053573
7.74045	0.6185484599	-0.046866511012
7.7488	0.62253955025	-0.042376586163
7.75715	0.62599438271	-0.037615727373
7.7655	0.62911220403	-0.03304504762
7.77385	0.6319602394	-0.02867064369
7.7822	0.63444581444	-0.024464219392
7.79055	0.63628383301	-0.020615210565
7.7989	0.63716947634	-0.017217146152
7.80725	0.6369523298100001	-0.014053262775
7.8156	0.6355177521399999	-0.010771926257
7.82395	0.6327157034300001	-0.0071438804889
7.8323	0.62845189214	-0.0029588912795
7.84065	0.62290736379	0.0018898590171
7.849	0.61645347328	0.0073080861345
7.85735	0.6093877089800001	0.013112679457
7.8657	0.60199110382	0.019202147981
7.87405	0.59473454875	0.025409646974
7.8824	0.58804547862	0.031444763334
7.89075	0.58216879974	0.037155548219
7.8991	0.57726636446	0.042780520503
7.90745	0.57344342389	0.048730042949
7.9158	0.57069376935	0.054985097395
7.92415	0.5689701740200001	0.061115048447
7.9325	0.56822581355	0.066825685023
7.94085	0.56862005229	0.07192440980799999
7.9492	0.5703087865000001	0.076048125951
7.95755	0.57326044856	0.07886471320299999
7.9659	0.57733872269	0.08021108948199999
7.97425	0.58213322263	0.080121561366
7.9826	0.58684604129	0.078736376481
7.99095	0.59069293903	0.076193456487
7.9993	0.59319104051	0.072801644309
8.00765	0.59435297427	0.069084497747
8.016	0.59439443868	0.065652322877
8.02435	0.59335005607	0.06314804195
8.0327	0.59120027436	0.06186760651
8.04105	0.58789466684	0.061735870823
8.0494	0.58322161175	0.062428502083
8.05775	0.5769411947899999	0.063454145808
8.0661	0.56912589641	0.064120868166
8.074450000000001	0.56032124191	0.06395659763600001
8.082800000000001	0.5512627852200001	0.063029371342
8.091150000000001	0.54261327949	0.061695041467
8.099500000000001	0.5349174955	0.060098538053
8.107849999999999	0.52852689991	0.058258104045
8.116199999999999	0.52364439157	0.056349967717
8.124549999999999	0.52041184327	0.054735369688
8.132899999999999	0.51899530487	0.053466271196
8.141249999999999	0.51953265072	0.052373940416
8.1496	0.52208517972	0.051446984261
8.15795	0.52671015106	0.050812121271
8.1663	0.53349910107	0.050389239067
8.17465	0.54236448492	0.049964346131
8.183	0.5529765438799999	0.04951785043
8.19135	0.56479364276	0.049429293242
8.1997	0.5770685840100001	0.049792874
8.20805	0.5888881476	0.050170359212
8.2164	0.59947642253	0.050043387819
8.22475	0.60834865563	0.049105893741
8.2331	0.61535288596	0.047110837079
8.24145	0.6206734203199999	0.043798560832
8.2498	0.6247555236	0.039226749468
8.258150000000001	0.62809783884	0.034022305448
8.266500000000001	0.63101228194	0.028936786943
8.274850000000001	0.63358361743	0.024255728915
8.283200000000001	0.63580063612	0.019905311795
8.291550000000001	0.63751902621	0.015820923213
8.299899999999999	0.63845967712	0.011976042718
8.308249999999999	0.63836901935	0.0082038360791
8.316599999999999	0.63706950312	0.004161564259
8.324949999999999	0.63443161324	-0.00042726231139
8.333299999999999	0.63047912648	-0.0054698243364
8.34165	0.62550263716	-0.010641928255
8.35	0.61983309541	-0.015847602035
8.35835	0.61369648457	-0.021135952069
8.3667	0.60732154433	-0.026526256509
8.37505	0.60111076036	-0.0318955003
8.3834	0.59535801662	-0.037213198209
8.39175	0.59012719432	-0.042686742825
8.4001	0.58556370262	-0.048412057793
8.40845	0.58200580748	-0.054265798896
8.4168	0.5797160773	-0.060057922589
8.42515	0.5788410738699999	-0.065525185385
8.4335	0.57934612944	-0.070571728859
8.441850000000001	0.58097595921	-0.075215147368
8.450200000000001	0.58339530349	-0.079285541747
8.458550000000001	0.58625626763	-0.082426979964
8.466900000000001	0.58917461512	-0.084166051076
8.475250000000001	0.59158146288	-0.08423015932900001
8.483599999999999	0.5930039137699999	-0.082740805934
8.491949999999999	0.59352007645	-0.08000396013
8.500299999999999	0.59348009759	-0.07656595003900001
8.508649999999999	0.59303302588	-0.07315885395000001
8.516999999999999	0.59223991783	-0.070349989292
8.52535	0.59107339604	-0.068514341714
8.5337	0.58927810879	-0.067701049342
8.54205	0.58636541915	-0.067520532079
8.5504	0.58184969027	-0.067511314202
8.55875	0.57556616623	-0.06739121156199999
8.5671	0.56772874208	-0.066974122393
8.57545	0.55889126176	-0.066151765999
8.5838	0.54977268525	-0.06490694020899999
8.59215	0.54103701758	-0.063451413678
8.6005	0.53323146973	-0.061944154742
8.60885	0.5267593698900001	-0.060310110534
8.6172	0.52188969613	-0.058540356944
8.62555	0.51881075991	-0.056932659253
8.633900000000001	0.51768764096	-0.055673219835
8.642250000000001	0.51867833663	-0.054726649054
8.650600000000001	0.5218718248600001	-0.054028129804
8.658950000000001	0.52728698665	-0.053636693178
8.667299999999999	0.53492646913	-0.053503274917
8.675649999999999	0.54462841157	-0.053481593054
8.683999999999999	0.5559363716	-0.053569220347
8.692349999999999	0.56809350608	-0.053830449591
8.700699999999999	0.58018877504	-0.053994671752
8.70905	0.5913763582	-0.053661293433
8.7174	0.60100438633	-0.052670765443
8.72575	0.60873991957	-0.050986512418
8.7341	0.6146785654	-0.048383717092
8.74245	0.6192717961200001	-0.044655635993
8.7508	0.62302996146	-0.040121071171
8.75915	0.62631012252	-0.035444947405
8.7675	0.62926062046	-0.030961685177
8.77585	0.63189105243	-0.026633194273
8.7842	0.6340629076199999	-0.022458139647
8.79255	0.63550047817	-0.018634146232
8.8009	0.63594569345	-0.015218691074
8.80925	0.6352434998099999	-0.011904791766
8.817600000000001	0.63326912906	-0.00824172311
8.825950000000001	0.62991211864	-0.004038930128
8.834300000000001	0.62521421588	0.00064697279114
8.842650000000001	0.61947417517	0.0056723465553
8.851000000000001	0.61303259505	0.010921920974
8.859349999999999	0.60612982854	0.016342890568
8.867699999999999	0.5990784273100001	0.021923514063
8.876049999999999	0.59236509451	0.027505839466
8.884399999999999	0.58632258737	0.03300564094
8.892749999999999	0.58106429845	0.038593182592
8.9011	0.57673249224	0.044556923845
8.90945	0.57349336001	0.051003550002
8.9178	0.57131565103	0.057577071613
8.92615	0.57008615813	0.063811964724
8.9345	0.56975608399	0.069587947176
8.94285	0.57051776331	0.074677947159
8.9512	0.57247231422	0.078625105205
8.95955	0.57555823157	0.08116091157700001
8.9679	0.5796368853	0.082239599878
8.97625	0.58422398475	0.08192486824300001
8.9846	0.58846660499	0.08029274700900001
8.99295	0.59169973186	0.077472088871
9.001300000000001	0.59363735481	0.073916139161
9.009650000000001	0.59438841167	0.070212983167
9.018000000000001	0.59409208553	0.066946997615
9.026350000000001	0.59273925321	0.06468672214399999
9.034700000000001	0.59034556358	0.06365532865699999
9.043049999999999	0.58678568829	0.06368460479099999
9.051399999999999	0.58176072734	0.064408497733
9.059749999999999	0.5750846536000001	0.065292195677
9.068099999999999	0.56696341192	0.065702218907
9.076449999999999	0.55802818589	0.065307784378
9.0848	0.54901258558	0.06426758072700001
9.09315	0.54054212997	0.06289044145
9.1015	0.53312251011	0.061262211558
9.10985	0.52706884709	0.059395127741
9.1182	0.52255925961	0.057497950894
9.12655	0.51974084606	0.055917357565
9.1349	0.51878117088	0.054688834659
9.14325	0.5198265841700001	0.053669489242
9.1516	0.52292922168	0.052884718248
9.15995	0.5281313480599999	0.05241835558
9.1683	0.53548396338	0.05215500755
9.17665	0.54487530677	0.051876470041
9.185	0.55593185789	0.051608085765
9.193350000000001	0.56801920091	0.051743499051
9.201700000000001	0.58027795636	0.052250110572
9.210050000000001	0.59179640838	0.05259539441
9.218400000000001	0.60181468594	0.052314912367
9.226749999999999	0.60986457867	0.051206970424
9.235099999999999	0.61590808942	0.048989711874
9.243449999999999	0.6203154233	0.045370027291
9.251799999999999	0.62364373786	0.040527508863
9.260149999999999	0.62640162896	0.035279779796
9.2685	0.62886003119	0.030327111455
9.27685	0.63109540262	0.025820230478
9.2852	0.63305260144	0.02167235703
9.29355	0.63448673953	0.017894329315
9.3019	0.63507899607	0.014406486102
9.31025	0.63458421716	0.010923092094
9.3186	0.63284022115	0.0070340892907
9.32695	0.62977060063	0.0025631308036
9.3353	0.62546404359	-0.0023638385033
9.34365	0.6202155217799999	-0.0075157866678
9.352	0.61434624313	-0.012786673144
9.36035	0.60809261776	-0.018171483763
9.3687	0.60172391398	-0.023711809863
9.377050000000001	0.59564286768	-0.029269657523
9.385400000000001	0.59007959858	-0.034786413762
9.393750000000001	0.58508926198	-0.040412648982
9.402100000000001	0.58087863073	-0.046282984698
9.410450000000001	0.5777782197	-0.052325730416
9.418799999999999	0.57601763448	-0.058243667657
9.427149999999999	0.57573652204	-0.063771725251
9.435499999999999	0.5768423982600001	-0.068975076806
9.443849999999999	0.57899354811	-0.073840372551
9.452199999999999	0.58184032279	-0.07802559689000001
9.46055	0.58510017597	-0.08108264521399999
9.4689	0.58840255275	-0.08264953295499999
9.47725	0.59110794529	-0.082547074604
9.4856	0.59273856556	-0.080850919731
9.49395	0.59345761516	-0.077860316097
9.5023	0.59363362032	-0.074219965017
9.51065	0.59332491013	-0.070749526103
9.519	0.59249477454	-0.068067530731
9.52735	0.59108607566	-0.066485119912
9.5357	0.58889204038	-0.065936589807
9.54405	0.58548373277	-0.065994613046
9.5524	0.58041485759	-0.066223405257
9.560750000000001	0.57357855287	-0.06632028454900001
9.569100000000001	0.56533170367	-0.06600250068500001
9.577450000000001	0.55634058675	-0.065128092422
9.585800000000001	0.5473124069700001	-0.063820724978
9.594150000000001	0.53885541147	-0.062358462091
9.602499999999999	0.53146789714	-0.060831700081
9.610849999999999	0.5255279378	-0.059130699981
9.619199999999999	0.52125432889	-0.057336995685
9.627549999999999	0.51879467948	-0.055789146352
9.635899999999999	0.51829649479	-0.054620074129
9.64425	0.51990662694	-0.053745146568
9.6526	0.5236774227	-0.053119097345
9.66095	0.52961852753	-0.052790264567
9.6693	0.53769186914	-0.052670075976
9.67765	0.54769147771	-0.052622379223
9.686	0.55912218625	-0.05271514771
9.69435	0.57118707945	-0.052954040294
9.7027	0.58298137846	-0.053007366382
9.71105	0.59374890604	-0.052462651114
9.7194	0.6030143985300001	-0.051107724856
9.72775	0.6106013891199999	-0.048845430524
9.7361	0.61668304393	-0.045514762402
9.744450000000001	0.62168376336	-0.041136055219
9.752800000000001	0.62605470521	-0.036220685703
9.761150000000001	0.63006841055	-0.031359388682
9.769500000000001	0.63378241219	-0.026775620098
9.777850000000001	0.6370899812900001	-0.022426268823
9.786199999999999	0.63977985252	-0.018293675832
9.794549999999999	0.6415696191	-0.014446816717
9.802899999999999	0.64224661601	-0.010865376134
9.811249999999999	0.6416803573199999	-0.00736638837
9.819599999999999	0.63972489204	-0.003697661069
9.82795	0.63626031083	0.00031935614441
9.8363	0.63134984868	0.0048195876061
9.84465	0.62531937378	0.0098155418469
9.853	0.6185107385	0.015134020487
9.86135	0.61116344988	0.020612026507
9.8697	0.60360492721	0.026200321719
9.87805	0.59629387117	0.031842998631
9.8864	0.58957383344	0.037424060373
9.89475	0.58365068301	0.042905919279
9.9031	0.57865317965	0.048509298469
9.91145	0.57469899756	0.054490488763
9.9198	0.57185643838	0.060592707603
9.92815	0.57013236925	0.066320887321
9.936500000000001	0.56958157216	0.07147554159900001
9.944850000000001	0.57038655018	0.07592192122700001
9.953200000000001	0.57258172351	0.07936297048800001
9.961550000000001	0.57603800098	0.08150216185299999
9.969900000100001	0.58044961584	0.08217995118599999
9.978250000099999	0.58514435845	0.081439743245
9.986600000099999	0.58927074437	0.079429520093
9.994950000099999	0.59223322319	0.076335479306
10.0033	0.59384673403	0.072662813765
10.01165	0.59429833661	0.069017349694
10.02	0.5937144868599999	0.06601796310499999
10.02835	0.59207165823	0.064116846497
10.0367	0.58937519644	0.063392203902
10.04505	0.58547129696	0.063608580582
10.0534	0.58003305282	0.06440986403600001
10.06175	0.57293272219	0.06517819309099999
10.0701	0.56450526395	0.06529566357699999
10.07845	0.55544542628	0.064596291209
10.0868	0.5464639414	0.063381567545
10.09515	0.5381589073800001	0.061904600511
10.1035	0.53099064933	0.060185993225
10.11185	0.5252650213	0.058286340532
10.1202	0.52114798151	0.056512012328
10.12855	0.51878373111	0.055077734015
10.1369	0.5183253768	0.053876223151
10.14525	0.51989201478	0.05277746655
10.1536	0.5235370295	0.051891632108
10.16195	0.5293190238	0.051297654916
10.1703	0.53720709966	0.050860233997
10.17865	0.54700921568	0.050406507263
10.187	0.55831857444	0.050050659082
10.19535	0.57052097535	0.050143183566
10.2037	0.58278728571	0.050581112807
10.21205	0.59427203293	0.050849872355
10.2204	0.60433259632	0.050469589215
10.22875	0.61259401088	0.049176311704
10.2371	0.61898067605	0.046752590577
10.24545	0.62375300672	0.043034897247
10.2538	0.62736612059	0.038243630199
10.26215	0.6302470113800001	0.033108839286
10.2705	0.63261011231	0.028240453813
10.27885	0.6345431808200001	0.023789181168
10.2872	0.63606523604	0.019653939706
10.29555	0.63703233609	0.015765825965
10.3039	0.6371653000600001	0.012033794946
10.31225	0.63622579435	0.0082232288552
10.3206	0.63405244792	0.0039686897224
10.32895	0.63059605069	-0.00085423791439
10.3373	0.62602200483	-0.0059789674791
10.34565	0.6206437728200001	-0.011121754627
10.354	0.61473400699	-0.016289899368
10.36235	0.60851076358	-0.021553167871
10.3707	0.6022876712	-0.02689363436
10.37905	0.59643073878	-0.032161848191
10.3874	0.59107237227	-0.037459163315
10.39575	0.5862484155	-0.04302015145
10.4041	0.58224899566	-0.04881887229
10.41245	0.57941780174	-0.054672305454
10.4208	0.57793084346	-0.060318513402
10.42915	0.57785830054	-0.065588264935
10.4375	0.57907436821	-0.07052495407000001
10.44585	0.58124530984	-0.07503212664599999
10.4542	0.58405564514	-0.078750569691
10.46255	0.58715624025	-0.081259815508
10.4709	0.5900719085	-0.082206937521
10.47925	0.59219779977	-0.081558750296
10.4876	0.59328871024	-0.07948204150800001
10.49595	0.59360458123	-0.076386558767
10.5043	0.59344966902	-0.072973505658
10.51265	0.59287682688	-0.069911422922
10.521	0.59193680537	-0.0676332791
10.52935	0.59052298494	-0.06637054468
10.5377	0.58826092127	-0.06595086535
10.54605	0.5846242096099999	-0.065918022682
10.5544	0.57927250701	-0.06588970948300001
10.56275	0.57221727674	-0.06565786361000001
10.5711	0.5638558291	-0.065079613147
10.57945	0.55485987672	-0.064048968937
10.5878	0.54592479722	-0.062693128902
10.59615	0.53765747086	-0.06125943764
10.6045	0.53051601814	-0.059780455656
10.61285	0.52482624217	-0.058148503062
10.6212	0.52080766096	-0.056487867994
10.62955	0.51864470857	-0.055070960148
10.6379	0.51849498354	-0.05397224436
10.64625	0.52049630599	-0.053133216276
10.6546	0.5246880672599999	-0.05256357785
10.66295	0.53109503284	-0.05229033096
10.6713	0.53965513113	-0.052189777568
10.67965	0.55008918223	-0.052158081735
10.688	0.56182483691	-0.052308110562
10.69635	0.57401231623	-0.052542755606
10.7047	0.5857508085000001	-0.052464946325
10.71305	0.59627281456	-0.051783112394
10.7214	0.6050643936	-0.050458700431
10.72975	0.61198272725	-0.048358723616
10.7381	0.61730387721	-0.045162135965
10.74645	0.62153143989	-0.040852325758
10.7548	0.62513764572	-0.036058731503
10.76315	0.62838264135	-0.031346974552
10.7715	0.63135942913	-0.026833180485
10.77985	0.63399788835	-0.022491942759
10.7882	0.63605733173	-0.018480190103
10.79655	0.63723351093	-0.01495440234
10.8049	0.63731887472	-0.011819186401
10.81325	0.63617482931	-0.008677267427
10.8216	0.63366312545	-0.0051585233441
10.82995	0.62969462988	-0.0010587389295
10.8383	0.6244040239100001	0.0036637824191
10.84665	0.61813584121	0.0089078227082
10.855	0.61119705239	0.014504712474
10.86335	0.60384633176	0.020382878382
10.8717	0.5965331581	0.026384596043
10.88005	0.58972072084	0.032231333416
10.8884	0.58368349966	0.037837660643
10.89675	0.57860150139	0.043429119134
10.9051	0.57462324347	0.049320189637
10.91345	0.57179078381	0.055596553719
10.9218	0.57001884873	0.061905481166
10.93015	0.56921252405	0.06789336958099999
10.9385	0.56944170045	0.073365471871
10.94685	0.57086627045	0.07795082473999999
10.9552	0.5734687706	0.081273781773
10.96355	0.57714330864	0.083136689857
10.9719	0.58162337685	0.083483117436
10.98025	0.58648250569	0.082113816151
10.9886	0.59136264617	0.080628926164
10.99695	0.59628476223	0.07903376165500001
11.0053	0.60118799213	0.077288023424
